<!DOCTYPE html>
<html class="writer-html5" lang="en" >
<head>
  <meta charset="utf-8" /><meta name="generator" content="Docutils 0.19: https://docutils.sourceforge.io/" />

  <meta name="viewport" content="width=device-width, initial-scale=1.0" />
  <title>DFT + GWBSE Optimization Using CO &mdash; VOTCA 2024-dev documentation</title>
  <link rel="stylesheet" href="../_static/css/theme.css" type="text/css" />
  <link rel="stylesheet" href="../_static/pygments.css" type="text/css" />
      <link rel="stylesheet" href="../_static/pygments.css" type="text/css" />
      <link rel="stylesheet" href="../_static/css/theme.css" type="text/css" />
  <!--[if lt IE 9]>
    <script src="../_static/js/html5shiv.min.js"></script>
  <![endif]-->
  <script id="documentation_options" data-url_root="../" src="../_static/documentation_options.js"></script>
        <script data-url_root="../" id="documentation_options" src="../_static/documentation_options.js"></script>
        <script src="../_static/jquery.js"></script>
        <script src="../_static/underscore.js"></script>
        <script src="../_static/_sphinx_javascript_frameworks_compat.js"></script>
        <script src="../_static/doctools.js"></script>
        <script src="../_static/sphinx_highlight.js"></script>
        <script crossorigin="anonymous" integrity="sha256-Ae2Vz/4ePdIu6ZyI/5ZGsYnb+m0JlOmKPjt6XZ9JJkA=" src="https://cdnjs.cloudflare.com/ajax/libs/require.js/2.3.4/require.min.js"></script>
        <script>window.MathJax = {"tex": {"inlineMath": [["$", "$"], ["\\(", "\\)"]], "processEscapes": true}, "options": {"ignoreHtmlClass": "tex2jax_ignore|mathjax_ignore|document", "processHtmlClass": "tex2jax_process|mathjax_process|math|output_area"}}</script>
        <script defer="defer" src="https://cdn.jsdelivr.net/npm/mathjax@3/es5/tex-mml-chtml.js"></script>
    <script src="../_static/js/theme.js"></script>
    <link rel="index" title="Index" href="../genindex.html" />
    <link rel="search" title="Search" href="../search.html" />
    <link rel="next" title="QMMM workflow using GROMACS and VOTCA-XTP" href="QMMM_GROMACS.html" />
    <link rel="prev" title="DFT + GWBSE Energy Calculation Using CH4" href="DFTGWBSE_ENERGY.html" /> 
</head>

<body class="wy-body-for-nav"> 
  <div class="wy-grid-for-nav">
    <nav data-toggle="wy-nav-shift" class="wy-nav-side">
      <div class="wy-side-scroll">
        <div class="wy-side-nav-search" >
            <a href="../index.html">
            <img src="../_static/customLogo.png" class="logo" alt="Logo"/>
          </a>
<div role="search">
  <form id="rtd-search-form" class="wy-form" action="../search.html" method="get">
    <input type="text" name="q" placeholder="Search docs" />
    <input type="hidden" name="check_keywords" value="yes" />
    <input type="hidden" name="area" value="default" />
  </form>
</div>
        </div>
        <div class="wy-menu wy-menu-vertical" data-spy="affix" role="navigation" aria-label="Main">
              <ul>
<li class="toctree-l1"><a class="reference internal" href="../INSTALL.html">Installation</a></li>
</ul>
<p class="caption" role="heading"><span class="caption-text">Manuals</span></p>
<ul>
<li class="toctree-l1"><a class="reference internal" href="../tools/index.html">TOOLS Manual</a></li>
<li class="toctree-l1"><a class="reference internal" href="../csg/index.html">CSG Manual</a></li>
<li class="toctree-l1"><a class="reference internal" href="../xtp/XTP-MANUAL.html">XTP Manual</a></li>
</ul>
<p class="caption" role="heading"><span class="caption-text">Tutorials</span></p>
<ul class="current">
<li class="toctree-l1"><a class="reference internal" href="../csg-tutorials/Tutorial.html">CSG Tutorial</a></li>
<li class="toctree-l1 current"><a class="reference internal" href="XTP-TUTORIAL.html">XTP Tutorials</a><ul class="current">
<li class="toctree-l2"><a class="reference internal" href="DFTGWBSE_ENERGY.html">DFT + GWBSE Energy Calculation Using CH4</a></li>
<li class="toctree-l2 current"><a class="current reference internal" href="#">DFT + GWBSE Optimization Using CO</a></li>
<li class="toctree-l2"><a class="reference internal" href="#Introduction">Introduction</a></li>
<li class="toctree-l2"><a class="reference internal" href="#Requirements">Requirements</a></li>
<li class="toctree-l2"><a class="reference internal" href="#Preparing-the-input">Preparing the input</a></li>
<li class="toctree-l2"><a class="reference internal" href="QMMM_GROMACS.html">QMMM workflow using GROMACS and VOTCA-XTP</a></li>
<li class="toctree-l2"><a class="reference internal" href="QMMM_LAMMPS.html">QMMM workflow using LAMMPS and VOTCA-XTP</a></li>
<li class="toctree-l2"><a class="reference internal" href="LAMMPS_KMC.html">Kinect Monte Carlo Simulations Using LAMMPS</a></li>
</ul>
</li>
</ul>
<p class="caption" role="heading"><span class="caption-text">Development</span></p>
<ul>
<li class="toctree-l1"><a class="reference internal" href="../DEVELOPERS_GUIDE.html">Developer and Contributor Guide</a></li>
<li class="toctree-l1"><a class="reference internal" href="../VOTCA_LANGUAGE_GUIDE.html">VOTCA Internal Contributor Language Guide</a></li>
<li class="toctree-l1"><a class="reference internal" href="../Architecture.html">The architecture of VOTCA</a></li>
<li class="toctree-l1"><a class="reference internal" href="../xtp/Architecture.html">Architecture of votca-xtp</a></li>
<li class="toctree-l1"><a class="reference internal" href="../CODE_OF_CONDUCT.html">Code of Conduct</a></li>
<li class="toctree-l1"><a class="reference internal" href="../websiteAndDocumentation.html">Website and Documentation</a></li>
</ul>
<p class="caption" role="heading"><span class="caption-text">Community</span></p>
<ul>
<li class="toctree-l1"><a class="reference external" href="https://github.com/votca">GitHub</a></li>
<li class="toctree-l1"><a class="reference external" href="https://twitter.com/votca_software">Twitter</a></li>
<li class="toctree-l1"><a class="reference external" href="https://groups.google.com/g/votca">Forum</a></li>
</ul>

        </div>
      </div>
    </nav>

    <section data-toggle="wy-nav-shift" class="wy-nav-content-wrap">
      <nav class="wy-nav-top" aria-label="Top" >
          <i data-toggle="wy-nav-top" class="fa fa-bars"></i>
          <a href="../index.html">VOTCA</a>
      </nav>

      <div class="wy-nav-content">
        <div class="rst-content">
          

<div role="navigation" aria-label="Breadcrumbs">
  <ul class="wy-breadcrumbs">
      <li><a href="../index.html" class="icon icon-home"></a> &raquo;</li>
          <li><a href="XTP-TUTORIAL.html">XTP Tutorials</a> &raquo;</li>
      <li>DFT + GWBSE Optimization Using CO</li>
      <li class="wy-breadcrumbs-aside">
            <a href="../_sources/xtp-tutorials/DFTGWBSE_OPTIMIZATION.ipynb.txt" rel="nofollow"> View page source</a>
      </li>
  </ul>
  <hr/>
</div>
          <div role="main" class="document" itemscope="itemscope" itemtype="http://schema.org/Article">
           <div itemprop="articleBody">
             
  
<style>
/* CSS for nbsphinx extension */

/* remove conflicting styling from Sphinx themes */
div.nbinput.container div.prompt *,
div.nboutput.container div.prompt *,
div.nbinput.container div.input_area pre,
div.nboutput.container div.output_area pre,
div.nbinput.container div.input_area .highlight,
div.nboutput.container div.output_area .highlight {
    border: none;
    padding: 0;
    margin: 0;
    box-shadow: none;
}

div.nbinput.container > div[class*=highlight],
div.nboutput.container > div[class*=highlight] {
    margin: 0;
}

div.nbinput.container div.prompt *,
div.nboutput.container div.prompt * {
    background: none;
}

div.nboutput.container div.output_area .highlight,
div.nboutput.container div.output_area pre {
    background: unset;
}

div.nboutput.container div.output_area div.highlight {
    color: unset;  /* override Pygments text color */
}

/* avoid gaps between output lines */
div.nboutput.container div[class*=highlight] pre {
    line-height: normal;
}

/* input/output containers */
div.nbinput.container,
div.nboutput.container {
    display: -webkit-flex;
    display: flex;
    align-items: flex-start;
    margin: 0;
    width: 100%;
}
@media (max-width: 540px) {
    div.nbinput.container,
    div.nboutput.container {
        flex-direction: column;
    }
}

/* input container */
div.nbinput.container {
    padding-top: 5px;
}

/* last container */
div.nblast.container {
    padding-bottom: 5px;
}

/* input prompt */
div.nbinput.container div.prompt pre {
    color: #307FC1;
}

/* output prompt */
div.nboutput.container div.prompt pre {
    color: #BF5B3D;
}

/* all prompts */
div.nbinput.container div.prompt,
div.nboutput.container div.prompt {
    width: 4.5ex;
    padding-top: 5px;
    position: relative;
    user-select: none;
}

div.nbinput.container div.prompt > div,
div.nboutput.container div.prompt > div {
    position: absolute;
    right: 0;
    margin-right: 0.3ex;
}

@media (max-width: 540px) {
    div.nbinput.container div.prompt,
    div.nboutput.container div.prompt {
        width: unset;
        text-align: left;
        padding: 0.4em;
    }
    div.nboutput.container div.prompt.empty {
        padding: 0;
    }

    div.nbinput.container div.prompt > div,
    div.nboutput.container div.prompt > div {
        position: unset;
    }
}

/* disable scrollbars on prompts */
div.nbinput.container div.prompt pre,
div.nboutput.container div.prompt pre {
    overflow: hidden;
}

/* input/output area */
div.nbinput.container div.input_area,
div.nboutput.container div.output_area {
    -webkit-flex: 1;
    flex: 1;
    overflow: auto;
}
@media (max-width: 540px) {
    div.nbinput.container div.input_area,
    div.nboutput.container div.output_area {
        width: 100%;
    }
}

/* input area */
div.nbinput.container div.input_area {
    border: 1px solid #e0e0e0;
    border-radius: 2px;
    /*background: #f5f5f5;*/
}

/* override MathJax center alignment in output cells */
div.nboutput.container div[class*=MathJax] {
    text-align: left !important;
}

/* override sphinx.ext.imgmath center alignment in output cells */
div.nboutput.container div.math p {
    text-align: left;
}

/* standard error */
div.nboutput.container div.output_area.stderr {
    background: #fdd;
}

/* ANSI colors */
.ansi-black-fg { color: #3E424D; }
.ansi-black-bg { background-color: #3E424D; }
.ansi-black-intense-fg { color: #282C36; }
.ansi-black-intense-bg { background-color: #282C36; }
.ansi-red-fg { color: #E75C58; }
.ansi-red-bg { background-color: #E75C58; }
.ansi-red-intense-fg { color: #B22B31; }
.ansi-red-intense-bg { background-color: #B22B31; }
.ansi-green-fg { color: #00A250; }
.ansi-green-bg { background-color: #00A250; }
.ansi-green-intense-fg { color: #007427; }
.ansi-green-intense-bg { background-color: #007427; }
.ansi-yellow-fg { color: #DDB62B; }
.ansi-yellow-bg { background-color: #DDB62B; }
.ansi-yellow-intense-fg { color: #B27D12; }
.ansi-yellow-intense-bg { background-color: #B27D12; }
.ansi-blue-fg { color: #208FFB; }
.ansi-blue-bg { background-color: #208FFB; }
.ansi-blue-intense-fg { color: #0065CA; }
.ansi-blue-intense-bg { background-color: #0065CA; }
.ansi-magenta-fg { color: #D160C4; }
.ansi-magenta-bg { background-color: #D160C4; }
.ansi-magenta-intense-fg { color: #A03196; }
.ansi-magenta-intense-bg { background-color: #A03196; }
.ansi-cyan-fg { color: #60C6C8; }
.ansi-cyan-bg { background-color: #60C6C8; }
.ansi-cyan-intense-fg { color: #258F8F; }
.ansi-cyan-intense-bg { background-color: #258F8F; }
.ansi-white-fg { color: #C5C1B4; }
.ansi-white-bg { background-color: #C5C1B4; }
.ansi-white-intense-fg { color: #A1A6B2; }
.ansi-white-intense-bg { background-color: #A1A6B2; }

.ansi-default-inverse-fg { color: #FFFFFF; }
.ansi-default-inverse-bg { background-color: #000000; }

.ansi-bold { font-weight: bold; }
.ansi-underline { text-decoration: underline; }


div.nbinput.container div.input_area div[class*=highlight] > pre,
div.nboutput.container div.output_area div[class*=highlight] > pre,
div.nboutput.container div.output_area div[class*=highlight].math,
div.nboutput.container div.output_area.rendered_html,
div.nboutput.container div.output_area > div.output_javascript,
div.nboutput.container div.output_area:not(.rendered_html) > img{
    padding: 5px;
    margin: 0;
}

/* fix copybtn overflow problem in chromium (needed for 'sphinx_copybutton') */
div.nbinput.container div.input_area > div[class^='highlight'],
div.nboutput.container div.output_area > div[class^='highlight']{
    overflow-y: hidden;
}

/* hide copybtn icon on prompts (needed for 'sphinx_copybutton') */
.prompt .copybtn {
    display: none;
}

/* Some additional styling taken form the Jupyter notebook CSS */
.jp-RenderedHTMLCommon table,
div.rendered_html table {
  border: none;
  border-collapse: collapse;
  border-spacing: 0;
  color: black;
  font-size: 12px;
  table-layout: fixed;
}
.jp-RenderedHTMLCommon thead,
div.rendered_html thead {
  border-bottom: 1px solid black;
  vertical-align: bottom;
}
.jp-RenderedHTMLCommon tr,
.jp-RenderedHTMLCommon th,
.jp-RenderedHTMLCommon td,
div.rendered_html tr,
div.rendered_html th,
div.rendered_html td {
  text-align: right;
  vertical-align: middle;
  padding: 0.5em 0.5em;
  line-height: normal;
  white-space: normal;
  max-width: none;
  border: none;
}
.jp-RenderedHTMLCommon th,
div.rendered_html th {
  font-weight: bold;
}
.jp-RenderedHTMLCommon tbody tr:nth-child(odd),
div.rendered_html tbody tr:nth-child(odd) {
  background: #f5f5f5;
}
.jp-RenderedHTMLCommon tbody tr:hover,
div.rendered_html tbody tr:hover {
  background: rgba(66, 165, 245, 0.2);
}

/* CSS overrides for sphinx_rtd_theme */

/* 24px margin */
.nbinput.nblast.container,
.nboutput.nblast.container {
    margin-bottom: 19px;  /* padding has already 5px */
}

/* ... except between code cells! */
.nblast.container + .nbinput.container {
    margin-top: -19px;
}

.admonition > p:before {
    margin-right: 4px;  /* make room for the exclamation icon */
}

/* Fix math alignment, see https://github.com/rtfd/sphinx_rtd_theme/pull/686 */
.math {
    text-align: unset;
}
</style>
<section id="DFT-+-GWBSE-Optimization-Using-CO">
<h1>DFT + GWBSE Optimization Using CO<a class="headerlink" href="#DFT-+-GWBSE-Optimization-Using-CO" title="Permalink to this heading">¶</a></h1>
</section>
<section id="Introduction">
<h1>Introduction<a class="headerlink" href="#Introduction" title="Permalink to this heading">¶</a></h1>
<p>This tutorial explains how to perform a molecular geometric optimization using the <strong>GWBSE</strong> method. See <a class="reference external" href="https://doi.org/10.3389/fchem.2019.00377">the GW Compendium: A Practical Guide to Theoretical Photoemission Spectroscopy</a>, for an excellent introduction to the method.</p>
</section>
<section id="Requirements">
<h1>Requirements<a class="headerlink" href="#Requirements" title="Permalink to this heading">¶</a></h1>
<ul class="simple">
<li><p>You will need to install <strong>VOTCA</strong> using the instructions described <a class="reference external" href="https://github.com/votca/votca/blob/master/share/doc/INSTALL.rst">here</a></p></li>
<li><p>Once the installation is completed you need to activate the VOTCA enviroment by running the <code class="docutils literal notranslate"><span class="pre">VOTCARC.bash</span></code> script that has been installed at the bin subfolder for the path that you have provided for the installation step above</p></li>
</ul>
</section>
<section id="Preparing-the-input">
<h1>Preparing the input<a class="headerlink" href="#Preparing-the-input" title="Permalink to this heading">¶</a></h1>
<p>To run a DFT-GWBSE calculation we will use the <a class="reference external" href="https://www.votca.org/xtp/xtp_tools_overview.html">xtp_tools</a> calculator.</p>
<p>we can now change the calculator mode from single point energy calculation to optimization as follows by adding <code class="docutils literal notranslate"><span class="pre">-c</span> <span class="pre">geometry_optimization.maxiter=1</span></code> which enables optimization with one iteration.</p>
<p>Because geometry optimsation is quite expensive numerically we chose a smaller basisset and G0W0 Finally, to run the calculation we just need the following command (This still takes a while)</p>
<div class="nbinput docutils container">
<div class="prompt highlight-none notranslate"><div class="highlight"><pre><span></span>[1]:
</pre></div>
</div>
<div class="input_area highlight-ipython3 notranslate"><div class="highlight"><pre><span></span><span class="o">!</span>xtp_tools<span class="w"> </span>-c<span class="w"> </span><span class="nv">job_name</span><span class="o">=</span>CO<span class="w"> </span>geometry_optimization.maxiter<span class="o">=</span><span class="m">1</span><span class="w"> </span>dftpackage.basisset<span class="o">=</span><span class="m">3</span>-21G<span class="w"> </span>dftpackage.auxbasisset<span class="o">=</span>aux-def2-svp<span class="w"> </span>gwbse.gw.mode<span class="o">=</span>G0W0<span class="w"> </span>-e<span class="w"> </span>dftgwbse<span class="w"> </span>-t<span class="w"> </span><span class="m">4</span>
</pre></div>
</div>
</div>
<div class="nboutput nblast docutils container">
<div class="prompt empty docutils container">
</div>
<div class="output_area docutils container">
<div class="highlight"><pre>
==================================================
========   VOTCA (http://www.votca.org)   ========
==================================================

please submit bugs to https://github.com/votca/votca/issues

xtp_tools, version 2024-dev gitid: df28d64 (compiled May 19 2023, 05:41:48)

Initializing tool
... dftgwbse Evaluating tool
... dftgwbse  Using 4 threads
... ... Reading structure from CO.xyz
... ... Requested geometry optimization of excited state s1
... ... Initial state: s1
... ... WARNING: No tracker is used
... ... Convergence of total energy: 0.000001 Hartree
... ... Convergence of RMS Force:    0.000030 Hartree/Bohr
... ... Convergence of Max Force:    0.000100 Hartree/Bohr
... ... Convergence of RMS Step:     0.000600 Bohr
... ... Convergence of Max Step:     0.001000 Bohr
... ... Initial trust radius:        0.018897 BohrA
    0.307132 -3.10659e-11  4.46663e-11 -2.30825e-10  2.35408e-11   -0.0516061  8.55508e-10  7.78971e-10   -3.226e-10    0.0181637  -0.00105883  -7.1512e-11    0.0103674    0.0375713 -2.03033e-11    0.0421019 -2.33163e-10  1.30847e-10 -3.01322e-10 -1.07058e-10  0.000482256    -0.108408 -1.28154e-10          nan          nan          nan          nan          nan          nan          nan          nan          nan          nan          nan          nan
-3.10659e-11     0.307132 -1.47189e-10   7.0653e-11   -0.0516061  2.35409e-11  9.00339e-10   1.0865e-09 -1.97437e-10   0.00105883    0.0181637 -2.25166e-10    0.0375713   -0.0103674    0.0421019 -2.03032e-11 -1.94034e-11  2.13667e-10 -9.72952e-11  5.02009e-12    -0.108408 -0.000482256 -1.34929e-11          nan          nan          nan          nan          nan          nan          nan          nan          nan          nan          nan          nan
 4.46663e-11 -1.47189e-10      0.32063   0.00926462  1.56599e-10  1.02955e-10    0.0133906    0.0133906  -0.00499365 -5.81958e-11 -1.46179e-11  -0.00212745 -8.94804e-11  1.83562e-10 -1.71729e-10 -2.08896e-11    0.0470536  -0.00128365  -0.00258805   -0.0152178  1.82108e-10 -3.05987e-10   -0.0254906          nan          nan          nan          nan          nan          nan          nan          nan          nan          nan          nan          nan
-2.30825e-10   7.0653e-11   0.00926462      0.32063  -1.6992e-10  3.23987e-10   -0.0133906   -0.0133906   0.00499365 -5.01121e-11  6.87335e-11   0.00212745  7.31081e-11 -1.45107e-10   6.9095e-11 -1.85885e-10  -0.00128365    0.0470536    0.0152178   0.00258805 -1.68627e-10  7.90328e-10    0.0254906          nan          nan          nan          nan          nan          nan          nan          nan          nan          nan          nan          nan
 2.35408e-11   -0.0516061  1.56599e-10  -1.6992e-10     0.490902 -2.89505e-12  1.80082e-09  1.37388e-09 -8.20718e-10 -0.000783481   -0.0134403  -1.9845e-10   0.00770587  -0.00212636    0.0309987  6.70636e-11 -6.53262e-11  -1.8955e-10 -1.33943e-10  -2.7375e-10    0.0531267  0.000236336  1.67515e-10          nan          nan          nan          nan          nan          nan          nan          nan          nan          nan          nan          nan
  -0.0516061  2.35409e-11  1.02955e-10  3.23987e-10 -2.89505e-12     0.490902 -2.54676e-10 -2.67998e-10  1.55068e-10   -0.0134403  0.000783481  1.92905e-11   0.00212636   0.00770587  6.70638e-11    0.0309987  1.90948e-10  -5.1141e-11  9.18223e-11 -1.63054e-10 -0.000236336    0.0531267  2.48339e-10          nan          nan          nan          nan          nan          nan          nan          nan          nan          nan          nan          nan
 8.55508e-10  9.00339e-10    0.0133906   -0.0133906  1.80082e-09 -2.54676e-10      0.54956     0.219665   -0.0856641 -7.11854e-12  6.43996e-10   -0.0364956 -1.85323e-09  2.97905e-09 -9.22293e-10  3.15912e-10   -0.0113561  -0.00127363     0.012711   -0.0330589  5.12483e-10  -7.4601e-09  -0.00157313          nan          nan          nan          nan          nan          nan          nan          nan          nan          nan          nan          nan
 7.78971e-10   1.0865e-09    0.0133906   -0.0133906  1.37388e-09 -2.67998e-10     0.219665      0.54956   -0.0856641  4.69971e-11  7.52303e-10   -0.0364956 -1.89168e-09  2.96268e-09 -7.15518e-10  2.13277e-10   0.00127363    0.0113561   -0.0330589     0.012711  4.19461e-11 -7.44288e-09  -0.00157313          nan          nan          nan          nan          nan          nan          nan          nan          nan          nan          nan          nan
  -3.226e-10 -1.97437e-10  -0.00499365   0.00499365 -8.20718e-10  1.55068e-10   -0.0856641   -0.0856641     0.662947 -1.74993e-10 -2.31591e-10  -0.00632525  4.08122e-10 -7.41446e-10  5.58311e-10 -1.54291e-10   0.00131689  -0.00131689   0.00387665   0.00387665 -9.19642e-10  2.85839e-09   0.00114547          nan          nan          nan          nan          nan          nan          nan          nan          nan          nan          nan          nan
   0.0181637   0.00105883 -5.81958e-11 -5.01121e-11 -0.000783481   -0.0134403 -7.11854e-12  4.69971e-11 -1.74993e-10     0.680922   1.5861e-12  8.85885e-11  2.70787e-05  7.97141e-05  0.000502623   0.00862229  -3.6529e-10  -3.6589e-11  6.95858e-11  8.84065e-10  -0.00220536   -0.0409682 -8.96058e-10          nan          nan          nan          nan          nan          nan          nan          nan          nan          nan          nan          nan
 -0.00105883    0.0181637 -1.46179e-11  6.87335e-11   -0.0134403  0.000783481  6.43996e-10  7.52303e-10 -2.31591e-10  1.58614e-12     0.680922 -1.12767e-10   7.9714e-05 -2.70787e-05   0.00862229 -0.000502623 -5.79067e-11  8.72386e-10 -5.51342e-10 -1.49463e-10   -0.0409682   0.00220536 -8.14805e-10          nan          nan          nan          nan          nan          nan          nan          nan          nan          nan          nan          nan
 -7.1512e-11 -2.25166e-10  -0.00212745   0.00212745  -1.9845e-10  1.92905e-11   -0.0364956   -0.0364956  -0.00632525  8.85885e-11 -1.12767e-10      0.79826  3.98332e-10 -4.68386e-10  -1.5794e-11 -4.96598e-11   0.00465575  -0.00465575    0.0137056    0.0137056  8.87423e-11  8.70736e-10  0.000454021          nan          nan          nan          nan          nan          nan          nan          nan          nan          nan          nan          nan
   0.0103674    0.0375713 -8.94804e-11  7.31081e-11   0.00770587   0.00212636 -1.85323e-09 -1.89168e-09  4.08122e-10  2.70787e-05   7.9714e-05  3.98332e-10     0.956418  4.28728e-11   -0.0126687  -0.00349581  3.04012e-10 -4.16217e-10  1.05002e-09   1.0494e-09    0.0192775   0.00541183  3.06168e-11          nan          nan          nan          nan          nan          nan          nan          nan          nan          nan          nan          nan
   0.0375713   -0.0103674  1.83562e-10 -1.45107e-10  -0.00212636   0.00770587  2.97905e-09  2.96268e-09 -7.41446e-10  7.97141e-05 -2.70787e-05 -4.68386e-10  4.28728e-11     0.956418   0.00349581   -0.0126687 -5.77268e-10  5.77888e-10 -1.67381e-09 -1.78602e-09  -0.00541183    0.0192775 -7.94244e-12          nan          nan          nan          nan          nan          nan          nan          nan          nan          nan          nan          nan
-2.03033e-11    0.0421019 -1.71729e-10   6.9095e-11    0.0309987  6.70638e-11 -9.22293e-10 -7.15518e-10  5.58311e-10  0.000502623   0.00862229  -1.5794e-11   -0.0126687   0.00349581     0.988566  3.78984e-11  8.54142e-12 -1.86412e-10  2.23283e-10 -1.98123e-11   -0.0223628 -9.94819e-05  3.66073e-10          nan          nan          nan          nan          nan          nan          nan          nan          nan          nan          nan          nan
   0.0421019 -2.03032e-11 -2.08896e-11 -1.85885e-10  6.70636e-11    0.0309987  3.15912e-10  2.13277e-10 -1.54291e-10   0.00862229 -0.000502623 -4.96598e-11  -0.00349581   -0.0126687  3.78984e-11     0.988566   1.2202e-10  1.21075e-10 -1.17793e-11  -1.8965e-10   9.9482e-05   -0.0223628  4.45752e-10          nan          nan          nan          nan          nan          nan          nan          nan          nan          nan          nan          nan
-2.33163e-10 -1.94034e-11    0.0470536  -0.00128365 -6.53262e-11  1.90948e-10   -0.0113561   0.00127363   0.00131689  -3.6529e-10 -5.79067e-11   0.00465575  3.04012e-10 -5.77268e-10  8.54142e-12   1.2202e-10      1.03321  -0.00656788    0.0132467    0.0132467 -5.77623e-11   5.0651e-10  -0.00427267          nan          nan          nan          nan          nan          nan          nan          nan          nan          nan          nan          nan
 1.30847e-10  2.13667e-10  -0.00128365    0.0470536  -1.8955e-10  -5.1141e-11  -0.00127363    0.0113561  -0.00131689  -3.6589e-11  8.72386e-10  -0.00465575 -4.16217e-10  5.77888e-10 -1.86412e-10  1.21075e-10  -0.00656788      1.03321   -0.0132467   -0.0132467  6.23996e-11 -5.85559e-10   0.00427267          nan          nan          nan          nan          nan          nan          nan          nan          nan          nan          nan          nan
-3.01322e-10 -9.72952e-11  -0.00258805    0.0152178 -1.33943e-10  9.18223e-11     0.012711   -0.0330589   0.00387665  6.95858e-11 -5.51342e-10    0.0137056  1.05002e-09 -1.67381e-09  2.23283e-10 -1.17793e-11    0.0132467   -0.0132467       1.0677    0.0410637 -2.87522e-10  1.40587e-09   0.00205122          nan          nan          nan          nan          nan          nan          nan          nan          nan          nan          nan          nan
-1.07058e-10  5.02009e-12   -0.0152178   0.00258805  -2.7375e-10 -1.63054e-10   -0.0330589     0.012711   0.00387665  8.84065e-10 -1.49463e-10    0.0137056   1.0494e-09 -1.78602e-09 -1.98123e-11  -1.8965e-10    0.0132467   -0.0132467    0.0410637       1.0677 -2.10147e-10  1.41061e-09   0.00205122          nan          nan          nan          nan          nan          nan          nan          nan          nan          nan          nan          nan
-0.000334737    0.0752465 -2.48685e-10  3.00541e-10   -0.0690159   0.00030702 -1.37635e-09 -1.00834e-09  9.70966e-10   0.00166392    0.0309101 -4.51846e-11  -0.00866825   0.00243347    0.0364086 -0.000161965  1.19983e-10 -1.21254e-10  4.87827e-10  4.85038e-10    -0.194424  2.24755e-10  3.79921e-09          nan          nan          nan          nan          nan          nan          nan          nan          nan          nan          nan          nan
   0.0752465  0.000334737  1.79045e-10 -5.58523e-10  -0.00030702   -0.0690159  5.06017e-09  5.10935e-09  -2.2613e-09    0.0309101  -0.00166392 -7.95701e-10  -0.00243347  -0.00866825  0.000161965    0.0364086 -4.43987e-10  4.49216e-10 -1.20869e-09 -1.20994e-09  2.24755e-10    -0.194424  1.19856e-09          nan          nan          nan          nan          nan          nan          nan          nan          nan          nan          nan          nan
-3.04796e-10 -4.79422e-10   -0.0141828    0.0141828  4.11058e-10  1.86435e-10   0.00439129   0.00439129   -0.0013324 -1.14246e-09 -1.07746e-09 -0.000534069  7.68933e-11  1.04393e-10 -4.14768e-11  1.63497e-10  -0.00597801   0.00597801   0.00149997   0.00149997  3.89359e-09  1.34921e-09     0.958371          nan          nan          nan          nan          nan          nan          nan          nan          nan          nan          nan          nan
        -nan         -nan         -nan         -nan         -nan         -nan         -nan         -nan         -nan         -nan         -nan         -nan         -nan         -nan         -nan         -nan         -nan         -nan         -nan         -nan         -nan         -nan         -nan          nan          nan          nan          nan          nan          nan          nan          nan          nan          nan          nan          nan
        -nan         -nan         -nan         -nan         -nan         -nan         -nan         -nan         -nan         -nan         -nan         -nan         -nan         -nan         -nan         -nan         -nan         -nan         -nan         -nan         -nan         -nan         -nan         -nan         -nan         -nan         -nan         -nan         -nan         -nan         -nan         -nan         -nan         -nan         -nan
        -nan         -nan         -nan         -nan         -nan         -nan         -nan         -nan         -nan         -nan         -nan         -nan         -nan         -nan         -nan         -nan         -nan         -nan         -nan         -nan         -nan         -nan         -nan         -nan         -nan         -nan         -nan         -nan         -nan         -nan         -nan         -nan         -nan         -nan         -nan
        -nan         -nan         -nan         -nan         -nan         -nan         -nan         -nan         -nan         -nan         -nan         -nan         -nan         -nan         -nan         -nan         -nan         -nan         -nan         -nan         -nan         -nan         -nan          nan          nan          nan          nan          nan          nan          nan          nan          nan          nan          nan          nan
        -nan         -nan         -nan         -nan         -nan         -nan         -nan         -nan         -nan         -nan         -nan         -nan         -nan         -nan         -nan         -nan         -nan         -nan         -nan         -nan         -nan         -nan         -nan          nan          nan          nan          nan          nan          nan          nan          nan          nan          nan          nan          nan
        -nan         -nan         -nan         -nan         -nan         -nan         -nan         -nan         -nan         -nan         -nan         -nan         -nan         -nan         -nan         -nan         -nan         -nan         -nan         -nan         -nan         -nan         -nan         -nan         -nan         -nan         -nan         -nan         -nan         -nan         -nan         -nan         -nan         -nan         -nan
        -nan         -nan         -nan         -nan         -nan         -nan         -nan         -nan         -nan         -nan         -nan         -nan         -nan         -nan         -nan         -nan         -nan         -nan         -nan         -nan         -nan         -nan         -nan         -nan         -nan         -nan         -nan         -nan         -nan         -nan         -nan         -nan         -nan         -nan         -nan
        -nan         -nan         -nan         -nan         -nan         -nan         -nan         -nan         -nan         -nan         -nan         -nan         -nan         -nan         -nan         -nan         -nan         -nan         -nan         -nan         -nan         -nan         -nan          nan          nan          nan          nan          nan          nan          nan          nan          nan          nan          nan          nan
        -nan         -nan         -nan         -nan         -nan         -nan         -nan         -nan         -nan         -nan         -nan         -nan         -nan         -nan         -nan         -nan         -nan         -nan         -nan         -nan         -nan         -nan         -nan          nan          nan          nan          nan          nan          nan          nan          nan          nan          nan          nan          nan
        -nan         -nan         -nan         -nan         -nan         -nan         -nan         -nan         -nan         -nan         -nan         -nan         -nan         -nan         -nan         -nan         -nan         -nan         -nan         -nan         -nan         -nan         -nan         -nan          nan          nan          nan         -nan          nan          nan          nan         -nan          nan          nan          nan
        -nan         -nan         -nan         -nan         -nan         -nan         -nan         -nan         -nan         -nan         -nan         -nan         -nan         -nan         -nan         -nan         -nan         -nan         -nan         -nan         -nan         -nan         -nan         -nan          nan          nan          nan         -nan          nan          nan          nan         -nan          nan          nan          nan
        -nan         -nan         -nan         -nan         -nan         -nan         -nan         -nan         -nan         -nan         -nan         -nan         -nan         -nan         -nan         -nan         -nan         -nan         -nan         -nan         -nan         -nan         -nan         -nan         -nan         -nan         -nan         -nan         -nan         -nan         -nan         -nan         -nan         -nan         -nan
B
    0.093811  -1.3809e-11  1.68318e-11 -1.31243e-10  1.44779e-11   -0.0328898  3.54489e-10  2.99601e-10 -1.98316e-10    0.0155308 -0.000905345 -3.66397e-11    0.0128554    0.0465875 -2.35898e-11    0.0481429 -2.87543e-10  1.38778e-10 -3.10589e-10 -3.79805e-11  0.000111693   -0.0251078 -4.01061e-10         -nan         -nan         -nan         -nan         -nan         -nan         -nan         -nan         -nan         -nan         -nan         -nan
-1.38091e-11     0.093811  -9.5006e-11  4.01176e-11   -0.0328898  1.44779e-11  3.69164e-10  4.83574e-10 -1.23114e-10  0.000905345    0.0155308 -1.66765e-10    0.0465875   -0.0128554    0.0481429 -2.35898e-11 -1.28355e-11  2.85444e-10 -7.55185e-11  7.32465e-11   -0.0251078 -0.000111693 -5.11082e-10         -nan         -nan         -nan         -nan         -nan         -nan         -nan         -nan         -nan         -nan         -nan         -nan
 1.68318e-11  -9.5006e-11     0.105883   0.00529874  1.02788e-10  7.14913e-11   0.00678366   0.00678366  -0.00367214 -5.18399e-11 -2.02211e-11  -0.00166809 -9.66434e-11  2.03599e-10 -2.10714e-10 -2.54215e-11    0.0640577  -0.00170107  -0.00248315   -0.0196899 -6.25163e-11 -1.11724e-11   -0.0418852         -nan         -nan         -nan         -nan         -nan         -nan         -nan         -nan         -nan         -nan         -nan         -nan
-1.31243e-10  4.01176e-11   0.00529874     0.105883 -1.09869e-10  2.29104e-10  -0.00678366  -0.00678366   0.00367214 -5.46513e-11  7.11377e-11   0.00166809  7.34178e-11 -1.53317e-10  7.36113e-11 -2.18487e-10  -0.00170107    0.0640577    0.0196899   0.00248315  1.33585e-10  1.11423e-10    0.0418852         -nan         -nan         -nan         -nan         -nan         -nan         -nan         -nan         -nan         -nan         -nan         -nan
 1.44779e-11   -0.0328898  1.02788e-10 -1.09869e-10     0.240891 -6.93774e-13  1.10442e-09  8.03829e-10 -6.98455e-10 -0.000841963   -0.0144435 -1.60497e-10   0.00881402  -0.00243214    0.0441772  9.32229e-11 -5.67482e-11 -3.34146e-10 -5.76275e-11 -2.87363e-10  -0.00438142 -1.94909e-05  5.20829e-10         -nan         -nan         -nan         -nan         -nan         -nan         -nan         -nan         -nan         -nan         -nan         -nan
  -0.0328898  1.44779e-11  7.14913e-11  2.29104e-10 -6.93779e-13     0.240891 -1.39821e-10 -1.46902e-10  1.24332e-10   -0.0144435  0.000841963  9.91391e-12   0.00243214   0.00881402  9.32231e-11    0.0441772  2.79745e-10 -5.00096e-11  1.11385e-10 -2.79509e-10  1.94909e-05  -0.00438142  4.31901e-10         -nan         -nan         -nan         -nan         -nan         -nan         -nan         -nan         -nan         -nan         -nan         -nan
 3.54489e-10  3.69164e-10   0.00678366  -0.00678366  1.10442e-09 -1.39821e-10     0.221859     0.110677   -0.0629941 -1.32154e-12  4.62572e-10   -0.0286155 -1.92615e-09    3.225e-09  -1.0314e-09  3.28917e-10   -0.0100872  -0.00711948    0.0330986   -0.0292581 -8.01295e-10 -3.84296e-10   0.00293721         -nan         -nan         -nan         -nan         -nan         -nan         -nan         -nan         -nan         -nan         -nan         -nan
 2.99601e-10  4.83574e-10   0.00678366  -0.00678366  8.03829e-10 -1.46902e-10     0.110677     0.221859   -0.0629941  4.95951e-11  5.69064e-10   -0.0286155 -1.97643e-09  3.20177e-09 -7.87487e-10  1.91814e-10   0.00711948    0.0100872   -0.0292581    0.0330986 -8.98735e-10 -3.12249e-10   0.00293721         -nan         -nan         -nan         -nan         -nan         -nan         -nan         -nan         -nan         -nan         -nan         -nan
-1.98316e-10 -1.23114e-10  -0.00367214   0.00367214 -6.98455e-10  1.24332e-10   -0.0629941   -0.0629941     0.429278 -2.25292e-10 -2.34109e-10   -0.0121538  4.56061e-10 -9.09295e-10  7.69086e-10  -2.0902e-10 -6.20845e-06  6.20847e-06 -1.82765e-05 -1.82764e-05 -7.44857e-11  5.84287e-10  5.94484e-05         -nan         -nan         -nan         -nan         -nan         -nan         -nan         -nan         -nan         -nan         -nan         -nan
   0.0155308  0.000905345 -5.18399e-11 -5.46513e-11 -0.000841963   -0.0144435 -1.32154e-12  4.95951e-11 -2.25292e-10     0.463967  2.11823e-12  1.17676e-10  0.000208039  0.000612423  0.000603797    0.0103579 -6.15482e-10 -6.26193e-11  1.11927e-10  1.49089e-09 -0.000953304   -0.0177092  -1.8678e-09         -nan         -nan         -nan         -nan         -nan         -nan         -nan         -nan         -nan         -nan         -nan         -nan
-0.000905345    0.0155308 -2.02211e-11  7.11377e-11   -0.0144435  0.000841963  4.62572e-10  5.69064e-10 -2.34109e-10  2.11829e-12     0.463967 -1.09259e-10  0.000612423 -0.000208039    0.0103579 -0.000603797 -7.68909e-11  1.45585e-09 -8.66328e-10 -1.88226e-10   -0.0177092  0.000953304  -1.7777e-09         -nan         -nan         -nan         -nan         -nan         -nan         -nan         -nan         -nan         -nan         -nan         -nan
-3.66397e-11 -1.66765e-10  -0.00166809   0.00166809 -1.60497e-10  9.91391e-12   -0.0286155   -0.0286155   -0.0121538  1.17676e-10 -1.09259e-10     0.636067  5.47407e-10 -6.15514e-10 -6.46751e-11 -6.61936e-11   0.00673161  -0.00673161    0.0198165    0.0198165  1.03282e-10 -8.59937e-12  4.59314e-05         -nan         -nan         -nan         -nan         -nan         -nan         -nan         -nan         -nan         -nan         -nan         -nan
